$ 1 0.000005 5.934295036739208 51 5 50 5e-11
T 160 240 496 80 0 4 0.136986301369863 1.0383638626448153 -0.5600760989254228 0.999
d 576 80 624 0 2 default
v 160 80 160 240 0 1 60 180 0 0 0.5
d 624 160 672 80 2 default
d 624 160 576 80 2 default
d 672 80 624 0 2 default
w 496 80 576 80 0
r 768 80 768 240 0 1000
w 624 0 768 0 0
c 624 0 624 160 0 0.0006799999999999999 23.570445568865974 0.001
w 624 160 624 208 0
w 624 208 624 240 0
w 624 240 768 240 0
w 672 80 672 336 0
34 zener-13 0 1.7143528192810002e-7 0 2 13 0
z 864 240 864 112 2 zener-13
t 1024 112 1072 112 0 1 -10.630886478068469 0.7148987554117703 100 default
w 496 240 496 336 0
w 496 336 672 336 0
162 768 0 768 80 2 1N4004 1 0 0 0.01
r 864 0 864 80 0 1000
r 944 176 944 224 0 2000
174 944 96 960 144 1 5000 0.005 Resistance
r 1072 160 1072 240 0 120
w 768 240 864 240 0
w 768 0 864 0 0
w 864 80 864 112 0
w 944 160 944 176 0
w 864 240 1072 240 0
w 864 0 1072 0 0
w 1072 128 1072 160 0
w 960 128 1024 112 0
w 864 80 944 96 0
w 944 224 864 240 0
w 1072 128 1136 128 0
w 1072 240 1136 240 0
p 1136 128 1136 240 3 0 0
g 880 272 880 320 0 0
w 864 240 880 272 0
370 1072 0 1072 96 1 0 0
o 2 64 0 4099 320 1.6 0 2 2 3
o 7 64 0 4099 40 0.025 1 2 7 3
