$ 1 0.000005 10.20027730826997 60 5 50 5e-11
T 384 256 720 96 0 4 0.1 0.027465055732447733 -0.1307257819058812 0.999
d 800 96 848 16 2 default
v 384 96 384 256 0 1 60 180 0 0 0.5
d 848 176 896 96 2 default
d 848 176 800 96 2 default
d 896 96 848 16 2 default
w 720 96 800 96 0
r 992 96 992 256 0 100
w 848 16 992 16 0
w 992 16 992 96 0
c 848 16 848 176 0 0.00001 7.158517225114284 0.001
w 848 176 848 224 0
w 848 224 848 256 0
w 848 256 992 256 0
w 896 96 896 352 0
w 896 352 720 256 0
o 2 64 0 4099 320 0.4 0 2 2 3
o 7 64 0 4099 20 0.2 1 2 7 3
